{
  "advancedEditorSelectedIdentifier" : "ProjectBrowser",
  "openSceneRelativePaths" : [
    "Immersive.usda"
  ],
  "recentIdentifiers" : {

  },
  "sceneCameraHistory" : {
    "AF09ED6F-1707-48FD-8720-65B998362C09" : [
      {
        "date" : 803881371.221829,
        "title" : "Untitled",
        "transform" : [
          0.9980383,
          1.4028061e-09,
          -0.062607355,
          0,
          -0.017826088,
          0.95860827,
          -0.28416976,
          0,
          0.060015924,
          0.28472835,
          0.95672774,
          0,
          0.13857996,
          1.2513239,
          0.18738075,
          1
        ]
      },
      {
        "date" : 803881363.090198,
        "title" : "Untitled",
        "transform" : [
          0.9980383,
          1.4028061e-09,
          -0.062607355,
          0,
          -0.017826088,
          0.95860827,
          -0.28416976,
          0,
          0.060015924,
          0.28472835,
          0.95672774,
          0,
          0.05552937,
          1.155463,
          0.22111942,
          1
        ]
      },
      {
        "date" : 803881360.658533,
        "title" : "Untitled",
        "transform" : [
          0.9980383,
          1.4028061e-09,
          -0.062607355,
          0,
          -0.017826088,
          0.95860827,
          -0.28416976,
          0,
          0.060015924,
          0.28472835,
          0.95672774,
          0,
          -0.19424757,
          1.1698421,
          0.23250876,
          1
        ]
      },
      {
        "date" : 803881353.663556,
        "title" : "Untitled",
        "transform" : [
          0.9980383,
          1.4028061e-09,
          -0.062607355,
          0,
          -0.017826088,
          0.95860827,
          -0.28416976,
          0,
          0.060015924,
          0.28472835,
          0.95672774,
          0,
          0.06580243,
          1.200007,
          -0.36765766,
          1
        ]
      },
      {
        "date" : 803881333.202759,
        "title" : "Untitled",
        "transform" : [
          0.9988075,
          0.03866956,
          -0.029803349,
          0,
          -0.0377864,
          0.2257359,
          -0.9734554,
          0,
          -0.030915407,
          0.97342074,
          0.2269279,
          0,
          -0.001396223,
          2.0961127,
          -1.2531108,
          1
        ]
      },
      {
        "date" : 803881315.74699,
        "title" : "Untitled",
        "transform" : [
          0.9996772,
          3.954552e-07,
          0.025409345,
          0,
          0.006589348,
          0.96578544,
          -0.25925905,
          0,
          -0.024540076,
          0.25934276,
          0.9654736,
          0,
          -0.057608157,
          1.6887208,
          -0.7212135,
          1
        ]
      },
      {
        "date" : 803881301.911068,
        "title" : "Untitled",
        "transform" : [
          0.9996772,
          3.954552e-07,
          0.025409345,
          0,
          0.006589348,
          0.96578544,
          -0.25925905,
          0,
          -0.024540076,
          0.25934276,
          0.9654736,
          0,
          -0.13419832,
          1.4521033,
          -0.6596009,
          1
        ]
      },
      {
        "date" : 803881297.593505,
        "title" : "Untitled",
        "transform" : [
          0.9996772,
          3.954552e-07,
          0.025409345,
          0,
          0.006589348,
          0.96578544,
          -0.25925905,
          0,
          -0.024540076,
          0.25934276,
          0.9654736,
          0,
          -0.14608933,
          1.3096114,
          0.005007879,
          1
        ]
      },
      {
        "date" : 803881293.788169,
        "title" : "Untitled",
        "transform" : [
          0.9996772,
          3.954552e-07,
          0.025409345,
          0,
          0.006589348,
          0.96578544,
          -0.25925905,
          0,
          -0.024540076,
          0.25934276,
          0.9654736,
          0,
          -0.14102505,
          1.3192693,
          0.0025423323,
          1
        ]
      },
      {
        "date" : 803881289.40404,
        "title" : "Untitled",
        "transform" : [
          0.9996772,
          3.954552e-07,
          0.025409345,
          0,
          0.006589348,
          0.96578544,
          -0.25925905,
          0,
          -0.024540076,
          0.25934276,
          0.9654736,
          0,
          -0.19361168,
          0.93778384,
          0.10367918,
          1
        ]
      }
    ]
  },
  "sceneViewportBackgroundColors" : {

  }
}